version https://git-lfs.github.com/spec/v1
oid sha256:c08237fdbfb29c43b607540252c2476cf0f9b4a5b100a8cf52fceb59f4eb8406
size 335004
